-1.62079016e-01   1.82878370e-03   4.26911653e-15   
4.35687389e-01  -4.91598492e-03   4.11006565e-15  
-1.11744307e-01   1.26084284e-03   4.05755619e-15  
-1.11744307e-01   1.26084284e-03   4.00450221e-15
  -2.05996437e-01   2.32431648e-03   4.23967330e-15  
-2.44586834e-01   3.09425123e-03   4.24379125e-15  
-2.74233193e-01   2.75974291e-03   4.13818727e-15 
 -6.68070622e-01   7.53803112e-03   3.87385424e-15
  -2.44586834e-01   3.09425123e-03   3.99870013e-15 
 -2.74233193e-01   2.75974291e-03   3.77743694e-15
